1742575261 27.562895060221358 28.817337036132812
1742575262 27.562895060221358 28.817337036132812
1742575321 28.419864583333332 29.13671875
1742575382 28.96371103922526 29.268226623535156
1742575441 29.057647959391275 29.324588775634766
1742575501 29.675668986002606 29.305801391601562
1742575562 29.519113810221356 29.211868286132812
1742575622 29.15158487955729 29.380950927734375
1742575681 29.93771103922526 29.268226623535156
1742575742 29.319690012613933 29.28701400756836
1742575801 28.86978047688802 29.211868286132812
1742575861 29.02633565266927 29.305801391601562
1742575922 29.60150077311198 29.456100463867188
1742575982 29.800918212890625 29.380950927734375
1742576041 29.46470794677734 29.568824768066406
1742576102 30.145353586832684 29.58761215209961
1742576161 29.758062306722007 29.550037384033203
1742576221 29.914617482503257 29.643970489501953
1742576282 29.433395640055338 29.550037384033203
1742576342 29.832230519612633 29.399738311767578
1742576401 28.764293599446614 29.34337615966797
1742576461 29.182897186279295 29.399738311767578
1742576522 29.570188466389975 29.437313079833984
1742576582 28.408314626057944 29.324588775634766
1742576641 29.632813079833983 29.47488784790039
1742576702 29.10051022338867 29.155506134033203
1742576762 28.650594329833982 29.08035659790039
1742576822 28.513801503499348 29.19308090209961
1742576881 28.764293599446614 29.34337615966797
1742576942 29.613044372558594 29.268226623535156
1742577001 28.701668986002602 29.305801391601562
1742577061 29.89485513305664 29.437313079833984
1742577122 28.920855133056637 29.437313079833984
1742577181 29.914617482503257 29.643970489501953
1742577242 29.46470794677734 29.568824768066406
1742577302 29.46470794677734 29.568824768066406
1742577361 28.61595081583659 29.643970489501953
1742577421 28.929073883056642 29.831844329833984
1742577482 28.69834413655599 29.888206481933594
1742577542 30.059635416666666 29.92578125
1742577601 30.196428243001304 29.81305694580078
1742577662 27.55623900349935 29.98214340209961
1742577695 28.20557233683268 29.98214340209961
1742577721 29.05432310994466 29.906993865966797
1742577781 29.273502899169923 30.038501739501953
1742577842 29.37898977661133 29.906993865966797
1742577901 28.74120004272461 29.719120025634766
1742577962 29.828905670166012 29.98214340209961
1742578021 29.44161439005534 29.944568634033203
1742578082 30.227740549723308 29.831844329833984
1742578141 29.32790876261393 29.68154525756836
1742578202 29.934386189778646 29.850631713867188
1742578261 29.77782465616862 29.756694793701172
